РазмерПотоковЧтение(мс)Умножение(мс)Запись(мс)Всего(мс)
--------------------------------------------------------------------------------
200     1         100         2             32          134       
200     2         31          2             40          73        
200     4         30          1             50          81        
200     8         30          2             52          84        
400     1         255         17            136         408       
400     2         126         12            152         290       
400     4         126         6             166         298       
400     8         122         5             178         305       
800     1         556         152           569         1277      
800     2         529         82            607         1218      
800     4         516         62            589         1167      
800     8         519         39            651         1209      
1200    1         1309        831           1402        3542      
1200    2         1215        509           1441        3165      
1200    4         1243        268           1476        2987      
1200    8         1264        153           1521        2938      
1600    1         2399        2285          2641        7325      
1600    2         2360        1373          2734        6467      
1600    4         2391        781           2791        5963      
1600    8         2382        448           2837        5667      
2000    1         4048        4387          4297        12732     
2000    2         3978        2695          4630        11303     
2000    4         3893        1556          4587        10036     
2000    8         3967        994           4636        9597      
